trial_number,prompt,raw_response,parsed_choice,ambiguous_response,api_error,refusal
1,"You are sorting cards. Each card has a color, shape, and number.
Sort this card by choosing one dimension: color, shape, or number.
Card: yellow 4 star(s).
Answer with just the dimension name.
Your choice:",color,color,0,0,0
2,"You are sorting cards. Each card has a color, shape, and number.
Sort this card by choosing one dimension: color, shape, or number.
Card: yellow 2 circle(s).
Answer with just the dimension name.
Your choice:",color,color,0,0,0
3,"You are sorting cards. Each card has a color, shape, and number.
Sort this card by choosing one dimension: color, shape, or number.
Card: yellow 2 star(s).
Answer with just the dimension name.
Your choice:",color,color,0,0,0
4,"You are sorting cards. Each card has a color, shape, and number.
Sort this card by choosing one dimension: color, shape, or number.
Card: yellow 1 square(s).
Answer with just the dimension name.
Your choice:",color,color,0,0,0
5,"You are sorting cards. Each card has a color, shape, and number.
Sort this card by choosing one dimension: color, shape, or number.
Card: red 1 star(s).
Answer with just the dimension name.
Your choice:",color,color,0,0,0
6,"You are sorting cards. Each card has a color, shape, and number.
Sort this card by choosing one dimension: color, shape, or number.
Card: green 3 square(s).
Answer with just the dimension name.
Your choice:",color,color,0,0,0
7,"You are sorting cards. Each card has a color, shape, and number.
Sort this card by choosing one dimension: color, shape, or number.
Card: red 4 triangle(s).
Answer with just the dimension name.
Your choice:",color,color,0,0,0
8,"You are sorting cards. Each card has a color, shape, and number.
Sort this card by choosing one dimension: color, shape, or number.
Card: blue 4 circle(s).
Answer with just the dimension name.
Your choice:",color,color,0,0,0
9,"You are sorting cards. Each card has a color, shape, and number.
Sort this card by choosing one dimension: color, shape, or number.
Card: red 3 star(s).
Answer with just the dimension name.
Your choice:",color,color,0,0,0
10,"You are sorting cards. Each card has a color, shape, and number.
Sort this card by choosing one dimension: color, shape, or number.
Card: green 1 circle(s).
Answer with just the dimension name.
Your choice:",color,color,0,0,0
11,"You are sorting cards. Each card has a color, shape, and number.
Sort this card by choosing one dimension: color, shape, or number.
Card: red 4 star(s).
Answer with just the dimension name.
Your choice:",color,color,0,0,0
12,"You are sorting cards. Each card has a color, shape, and number.
Sort this card by choosing one dimension: color, shape, or number.
Card: red 1 circle(s).
Answer with just the dimension name.
Your choice:",color,color,0,0,0
13,"You are sorting cards. Each card has a color, shape, and number.
Sort this card by choosing one dimension: color, shape, or number.
Card: red 2 square(s).
Answer with just the dimension name.
Your choice:",color,color,0,0,0
14,"You are sorting cards. Each card has a color, shape, and number.
Sort this card by choosing one dimension: color, shape, or number.
Card: blue 4 triangle(s).
Answer with just the dimension name.
Your choice:",color,color,0,0,0
15,"You are sorting cards. Each card has a color, shape, and number.
Sort this card by choosing one dimension: color, shape, or number.
Card: red 4 circle(s).
Answer with just the dimension name.
Your choice:",color,color,0,0,0
16,"You are sorting cards. Each card has a color, shape, and number.
Sort this card by choosing one dimension: color, shape, or number.
Card: green 1 triangle(s).
Answer with just the dimension name.
Your choice:",color,color,0,0,0
17,"You are sorting cards. Each card has a color, shape, and number.
Sort this card by choosing one dimension: color, shape, or number.
Card: red 3 circle(s).
Answer with just the dimension name.
Your choice:",color,color,0,0,0
18,"You are sorting cards. Each card has a color, shape, and number.
Sort this card by choosing one dimension: color, shape, or number.
Card: blue 1 circle(s).
Answer with just the dimension name.
Your choice:",color,color,0,0,0
19,"You are sorting cards. Each card has a color, shape, and number.
Sort this card by choosing one dimension: color, shape, or number.
Card: blue 4 triangle(s).
Answer with just the dimension name.
Your choice:",color,color,0,0,0
20,"You are sorting cards. Each card has a color, shape, and number.
Sort this card by choosing one dimension: color, shape, or number.
Card: green 1 circle(s).
Answer with just the dimension name.
Your choice:",color,color,0,0,0
21,"You are sorting cards. Each card has a color, shape, and number.
Sort this card by choosing one dimension: color, shape, or number.
Card: blue 2 circle(s).
Answer with just the dimension name.
Your choice:",color,color,0,0,0
22,"You are sorting cards. Each card has a color, shape, and number.
Sort this card by choosing one dimension: color, shape, or number.
Card: yellow 3 triangle(s).
Answer with just the dimension name.
Your choice:",color,color,0,0,0
23,"You are sorting cards. Each card has a color, shape, and number.
Sort this card by choosing one dimension: color, shape, or number.
Card: red 4 circle(s).
Answer with just the dimension name.
Your choice:",color,color,0,0,0
24,"You are sorting cards. Each card has a color, shape, and number.
Sort this card by choosing one dimension: color, shape, or number.
Card: yellow 3 star(s).
Answer with just the dimension name.
Your choice:",color,color,0,0,0
25,"You are sorting cards. Each card has a color, shape, and number.
Sort this card by choosing one dimension: color, shape, or number.
Card: red 1 circle(s).
Answer with just the dimension name.
Your choice:",color,color,0,0,0
26,"You are sorting cards. Each card has a color, shape, and number.
Sort this card by choosing one dimension: color, shape, or number.
Card: green 3 square(s).
Answer with just the dimension name.
Your choice:",color,color,0,0,0
27,"You are sorting cards. Each card has a color, shape, and number.
Sort this card by choosing one dimension: color, shape, or number.
Card: green 3 square(s).
Answer with just the dimension name.
Your choice:",color,color,0,0,0
28,"You are sorting cards. Each card has a color, shape, and number.
Sort this card by choosing one dimension: color, shape, or number.
Card: red 2 circle(s).
Answer with just the dimension name.
Your choice:",color,color,0,0,0
29,"You are sorting cards. Each card has a color, shape, and number.
Sort this card by choosing one dimension: color, shape, or number.
Card: yellow 2 triangle(s).
Answer with just the dimension name.
Your choice:",color,color,0,0,0
30,"You are sorting cards. Each card has a color, shape, and number.
Sort this card by choosing one dimension: color, shape, or number.
Card: blue 2 square(s).
Answer with just the dimension name.
Your choice:",color,color,0,0,0
31,"You are sorting cards. Each card has a color, shape, and number.
Sort this card by choosing one dimension: color, shape, or number.
Card: red 3 circle(s).
Answer with just the dimension name.
Your choice:",color,color,0,0,0
32,"You are sorting cards. Each card has a color, shape, and number.
Sort this card by choosing one dimension: color, shape, or number.
Card: green 1 circle(s).
Answer with just the dimension name.
Your choice:",color,color,0,0,0
33,"You are sorting cards. Each card has a color, shape, and number.
Sort this card by choosing one dimension: color, shape, or number.
Card: yellow 4 triangle(s).
Answer with just the dimension name.
Your choice:",color,color,0,0,0
34,"You are sorting cards. Each card has a color, shape, and number.
Sort this card by choosing one dimension: color, shape, or number.
Card: yellow 2 square(s).
Answer with just the dimension name.
Your choice:",color,color,0,0,0
35,"You are sorting cards. Each card has a color, shape, and number.
Sort this card by choosing one dimension: color, shape, or number.
Card: blue 3 star(s).
Answer with just the dimension name.
Your choice:",color,color,0,0,0
36,"You are sorting cards. Each card has a color, shape, and number.
Sort this card by choosing one dimension: color, shape, or number.
Card: green 2 square(s).
Answer with just the dimension name.
Your choice:",color,color,0,0,0
